cpu6 0.000000 0.000000 0.000000 500.000000 500.000000
cpu7 0.000000 0.000000 0.000000 500.000000 500.000000
cpu8 0.000000 0.000000 0.000000 501.000000 501.000000
cpu9 0.000000 0.000000 0.000000 500.000000 500.000000
cpu10 0.000000 0.000000 0.000000 500.000000 500.000000
cpu0 0.000000 0.000000 0.000000 513.000000 500.000000
cpu11 0.000000 0.000000 0.000000 500.000000 500.000000
cpu1 0.000000 0.000000 0.000000 501.000000 501.000000
cpu2 307.000000 0.000000 193.000000 500.000000 0.000000
cpu3 0.000000 0.000000 0.000000 500.000000 500.000000
cpu4 0.000000 0.000000 1.000000 501.000000 500.000000
cpu5 0.000000 0.000000 0.000000 501.000000 501.000000
